    2
  1.0        0.0
  0.0        1.0
  0.0       -1.0
  1.0        0.0
    1        2.0        0.0
  0.5        0.0
  0.0        0.5
    2        0.0        0.0
 -1.0        0.0
  0.0        1.0
   -1
    2
  1.0        1.0
  1.0        1.0
  0.0       -1.0
  1.0        0.0
    1       2.4142     0.0
  1.4142     1.0
  0.0        1.0
    2     -0.5858     0.0
 -1.4142     1.0
  0.0        1.0
    0
    3
   1.0       2.0       3.0
   4.0       5.0       6.0
   7.0       8.0       9.0
   9.0       8.0       7.0
   6.0       5.0       4.0
   3.0       2.0       1.0
    1       13.6845   13.6845
 0.499063   0.565293  0.631525
 0.472479   0.100702 -0.271074
    2       1.3153    1.31531
 0.740675 -0.0245519-0.78978
-0.279841 -0.111836  0.0561659
    3        0.0       0.0
-0.409555  0.819113 -0.409557
-0.0163206 0.0326406-0.0163204
   -1
    0
